X1	X2	X3	X4	X5	X6	X7	X8	X9	X10	X11	X12	X13	X14	X15	X16	Y	direction
313	288	258	260	230	185	52	101	124	147	263	238	277	247	224	304	1	Right
298	270	246	290	262	210	54	100	126	149	294	278	306	274	252	325	1	Right
291	258	225	262	237	191	52	99	125	148	284	270	299	270	251	324	1	Right
311	281	252	279	253	202	53	98	123	147	279	252	285	255	228	307	1	Right
279	243	217	286	261	210	53	97	123	149	296	281	307	277	255	328	1	Right
310	278	247	255	231	184	52	92	121	147	270	245	280	252	230	309	1	Right
308	275	248	288	263	211	53	97	123	149	295	276	303	273	248	322	1	Right
283	247	216	270	247	199	53	94	122	148	291	278	302	274	253	326	1	Right
314	285	255	267	239	192	52	101	122	147	271	240	278	250	223	304	1	Right
288	249	226	268	251	210	54	97	124	148	292	272	299	267	254	323	1	Right
296	250	222	242	231	190	53	93	122	147	277	262	286	254	245	315	1	Right
309	268	242	268	251	203	54	96	123	146	278	256	286	251	230	308	1	Right
280	244	217	281	252	207	56	98	125	148	287	275	308	273	260	331	1	Right
312	278	248	248	223	181	52	93	123	145	267	244	287	251	226	302	1	Right
311	282	257	278	251	207	54	100	125	147	284	262	301	261	232	306	1	Right
278	247	221	277	248	206	54	101	125	148	285	272	307	269	245	316	1	Right
311	286	257	249	222	182	52	97	123	146	262	238	280	246	223	299	1	Right
309	285	260	281	251	208	53	102	125	148	283	263	300	262	234	308	1	Right
279	247	221	275	248	206	54	101	125	148	286	273	308	270	245	316	1	Right
314	287	257	248	221	182	52	97	123	146	262	238	280	246	223	299	1	Right
312	287	260	279	250	207	54	101	125	148	282	261	299	261	232	307	1	Right
278	247	221	276	249	207	54	102	125	148	287	274	309	271	246	316	1	Right
307	282	253	248	221	182	52	100	124	147	265	245	287	252	229	304	1	Right
311	288	262	279	247	204	54	106	127	149	277	255	295	257	228	304	1	Right
280	249	225	279	250	207	54	106	127	149	286	272	309	271	247	318	1	Right
309	281	250	247	220	181	52	101	125	148	267	248	290	254	233	306	1	Right
309	287	261	274	246	203	53	105	126	149	275	253	295	255	226	303	1	Right
278	249	225	277	250	207	54	106	127	149	287	275	313	273	248	319	1	Right
305	277	247	246	221	182	53	101	125	148	269	252	292	256	236	308	1	Right
310	287	260	273	244	201	53	106	126	148	274	250	290	253	226	303	1	Right
284	253	229	277	250	207	54	109	127	150	286	275	311	272	251	320	1	Right
301	270	238	250	225	186	53	103	125	148	275	261	299	263	242	312	1	Right
311	289	263	265	235	193	53	105	125	148	266	239	283	247	220	297	1	Right
296	271	249	281	252	208	54	108	127	149	287	273	310	272	246	316	1	Right
283	254	226	268	240	199	53	106	126	149	283	271	307	270	247	317	1	Right
312	289	262	252	224	183	53	102	125	147	262	236	281	246	221	298	1	Right
307	286	261	281	250	207	54	109	126	149	282	263	302	264	235	308	1	Right
277	248	223	278	250	207	54	107	127	149	286	274	311	272	248	318	1	Right
305	277	247	246	221	183	53	102	125	147	270	254	294	258	237	308	1	Right
311	289	262	267	239	196	53	106	125	147	268	243	286	249	221	298	1	Right
291	270	252	282	249	209	53	110	126	149	284	268	300	269	249	321	1	Right
283	247	217	268	249	203	54	103	125	149	294	280	308	278	259	329	1	Right
312	276	246	250	233	188	52	92	121	147	273	248	285	253	231	310	1	Right
307	279	253	282	261	209	54	95	123	149	292	272	307	271	244	320	1	Right
279	241	215	279	254	209	54	102	125	150	293	278	313	277	257	328	1	Right
299	274	245	253	222	185	53	102	124	148	266	250	291	264	243	316	1	Right
312	291	265	266	234	191	53	103	124	148	260	235	279	249	224	302	1	Right
297	275	252	283	251	208	54	107	126	149	282	267	306	272	250	321	1	Right
283	252	223	273	243	202	54	107	126	149	279	268	305	272	253	322	1	Right
312	288	258	248	220	181	52	103	123	147	258	236	280	249	231	305	1	Right
314	289	261	277	245	203	54	108	125	148	273	251	292	258	234	308	1	Right
282	252	228	279	249	207	54	108	126	149	282	269	308	274	255	325	1	Right
298	270	239	254	227	187	53	104	125	148	274	261	302	271	247	318	1	Right
315	292	264	265	235	190	53	102	125	147	259	237	279	246	218	297	1	Right
296	271	248	279	252	208	54	105	126	149	290	275	315	281	252	323	1	Right
284	247	217	263	244	200	54	101	126	149	291	280	317	284	258	326	1	Right
315	285	254	246	225	182	52	98	124	147	271	245	292	261	232	308	1	Right
306	278	252	275	253	207	54	102	126	149	294	275	316	282	249	321	1	Right
301	281	257	294	262	228	258	277	344	177	113	250	262	114	113	339	2	forward
329	316	294	280	245	211	231	258	314	173	112	221	244	113	112	319	2	forward
331	318	297	309	273	236	258	282	338	177	112	233	251	113	112	322	2	forward
310	293	277	315	280	244	272	293	355	180	113	252	264	114	113	339	2	forward
298	274	251	304	272	238	269	287	351	179	113	252	263	114	113	339	2	forward
326	310	286	276	244	210	235	259	318	173	112	228	248	113	112	326	2	forward
329	318	298	299	263	226	244	271	325	174	112	223	245	113	112	317	2	forward
320	308	292	317	281	245	270	292	353	179	113	249	262	115	113	335	2	forward
293	271	252	314	279	243	271	291	354	179	113	252	263	115	113	340	2	forward
315	295	270	284	252	220	249	270	334	176	113	242	256	114	113	335	2	forward
331	320	299	285	250	215	234	262	317	173	112	219	242	113	112	316	2	forward
328	317	298	314	278	242	265	289	347	178	113	241	256	114	112	328	2	forward
300	282	266	315	280	244	271	292	355	179	113	253	264	115	113	340	2	forward
301	279	254	296	265	231	262	281	346	178	113	250	262	114	113	338	2	forward
327	314	292	277	243	209	231	257	314	172	112	222	245	113	112	321	2	forward
329	317	296	304	264	229	252	278	333	174	113	229	250	114	112	320	2	forward
312	297	280	313	273	239	269	292	354	175	114	251	266	115	112	338	2	forward
294	271	249	306	267	235	267	288	352	178	113	252	265	115	113	340	2	forward
321	305	281	275	238	207	235	259	321	173	112	231	252	114	112	329	2	forward
330	317	296	293	252	218	239	268	322	173	112	221	246	113	111	317	2	forward
320	308	290	313	273	239	267	291	352	178	113	248	263	115	112	335	2	forward
291	270	250	311	273	239	269	289	353	178	113	252	266	115	113	341	2	forward
309	289	263	281	249	217	248	269	335	176	113	243	258	115	113	336	2	forward
329	317	296	281	246	212	232	260	316	172	112	219	242	113	111	316	2	forward
327	315	295	311	274	239	263	287	346	178	113	240	256	114	112	326	2	forward
299	281	265	313	278	244	270	291	354	179	114	253	264	115	114	340	2	forward
302	280	255	295	264	231	262	280	346	178	113	250	261	115	113	339	2	forward
330	316	294	278	245	211	232	259	315	173	112	221	243	113	112	319	2	forward
330	318	297	309	273	237	258	283	339	176	113	233	251	114	112	321	2	forward
305	289	273	314	279	244	271	292	355	179	113	253	265	115	114	340	2	forward
297	275	251	299	267	234	265	283	349	179	113	252	263	115	113	339	2	forward
326	313	290	275	243	209	231	257	314	173	112	222	244	113	112	321	2	forward
329	316	295	306	271	235	256	281	337	176	112	232	251	113	112	321	2	forward
304	287	271	312	277	243	270	292	355	179	113	253	265	115	114	340	2	forward
300	278	253	292	260	228	259	278	344	177	113	249	262	114	113	338	2	forward
329	316	294	278	245	212	231	259	315	173	112	219	242	113	112	316	2	forward
325	313	294	311	275	241	265	288	349	178	113	243	259	114	112	329	2	forward
291	269	250	308	269	238	268	289	353	179	113	251	266	114	113	341	2	forward
315	297	271	272	234	206	236	260	324	174	112	234	256	114	112	332	2	forward
326	309	282	284	241	213	236	268	325	174	112	223	254	113	111	318	2	forward
311	296	278	307	265	235	265	289	354	179	113	250	268	114	113	339	2	forward
292	269	245	298	257	229	262	283	351	178	113	252	270	114	113	343	2	forward
324	308	285	272	232	203	228	255	314	172	111	224	250	113	112	324	2	forward
323	306	285	299	259	227	250	276	337	176	112	232	258	113	112	322	2	forward
301	280	264	307	268	235	264	288	354	179	113	254	273	114	113	341	2	forward
296	271	245	291	255	224	256	278	346	178	113	252	270	114	113	341	2	forward
325	309	286	274	237	204	226	255	313	172	111	221	250	113	112	319	2	forward
325	310	289	307	267	231	256	282	342	177	112	239	262	114	112	326	2	forward
296	274	258	307	270	237	264	286	352	179	113	253	271	115	113	341	2	forward
297	273	248	283	250	219	251	272	340	177	112	248	266	114	113	337	2	forward
323	308	286	274	240	207	227	256	314	172	111	219	246	113	112	316	2	forward
323	309	288	306	271	236	259	283	344	177	112	241	259	114	112	325	2	forward
292	271	254	306	272	238	265	287	352	179	112	253	268	114	113	340	2	forward
298	275	249	283	252	221	251	272	340	177	112	248	264	114	113	337	2	forward
323	307	285	272	239	207	226	255	313	172	111	219	246	113	112	316	2	forward
321	304	283	301	266	233	256	281	343	177	112	239	260	113	112	325	2	forward
294	270	252	301	265	234	262	286	353	179	112	253	270	114	113	341	2	forward
297	271	244	284	251	221	253	275	344	178	112	249	266	114	113	339	2	forward
328	312	285	272	237	205	230	259	318	173	111	221	248	113	111	323	2	forward
319	298	257	278	45	54	272	297	356	329	112	108	253	254	271	344	3	left
346	335	295	266	45	54	244	277	323	300	110	106	233	231	235	317	3	left
342	331	294	297	45	55	279	307	360	327	112	108	249	246	254	332	3	left
306	286	252	296	46	56	283	310	366	335	112	108	255	256	271	346	3	left
331	314	271	266	44	54	258	285	342	319	111	107	247	248	265	339	3	left
343	335	296	275	45	54	249	282	328	303	110	106	234	231	234	316	3	left
332	322	287	298	46	55	282	310	365	333	112	108	253	253	263	339	3	left
305	285	248	293	45	55	283	308	366	335	112	109	255	256	271	345	3	left
335	321	279	262	45	53	250	278	333	312	111	107	242	243	258	333	3	left
342	332	293	276	45	54	250	282	328	303	110	106	236	232	234	316	3	left
329	315	279	287	46	54	280	308	364	333	112	108	266	260	265	341	3	left
301	279	240	280	46	57	285	306	366	338	111	108	272	271	276	347	3	left
326	309	263	252	45	55	257	280	339	321	110	107	262	260	269	340	3	left
338	326	284	259	45	54	246	277	326	304	109	106	248	242	237	317	3	left
329	314	273	275	46	54	277	303	360	330	110	109	266	258	259	336	3	left
298	272	232	263	46	55	280	303	363	332	110	110	271	264	271	346	3	left
320	298	252	249	45	53	257	282	342	320	109	108	259	255	266	341	3	left
335	320	278	252	45	52	242	273	322	300	108	106	243	236	235	316	3	left
332	316	276	276	46	54	275	302	357	327	110	108	262	254	254	332	3	left
301	278	241	275	46	54	280	304	363	335	110	109	271	265	272	346	3	left
312	288	243	257	45	53	268	291	352	328	110	108	267	261	271	343	3	left
336	319	276	246	44	52	240	269	319	299	108	106	245	238	239	320	3	left
334	318	277	271	46	54	267	295	347	319	109	108	256	246	243	323	3	left
309	289	253	276	46	54	280	305	364	335	110	109	270	264	270	345	3	left
303	278	236	267	45	53	277	299	360	333	110	109	269	263	272	345	3	left
330	313	270	244	45	52	242	269	323	304	108	106	251	244	251	328	3	left
333	318	276	264	45	53	254	284	333	308	108	107	249	240	236	318	3	left
318	302	265	277	46	54	279	305	363	334	110	109	269	262	267	342	3	left
300	274	234	272	46	54	279	302	362	334	110	109	270	264	272	345	3	left
328	309	265	245	45	52	246	272	328	310	109	107	254	248	257	332	3	left
332	318	278	264	45	53	251	282	330	305	108	106	247	238	235	318	3	left
316	301	266	279	46	54	280	305	363	334	110	108	268	261	268	342	3	left
299	275	235	270	45	53	277	299	361	333	110	109	268	262	272	345	3	left
331	314	272	245	45	52	240	268	320	302	108	106	248	241	247	324	3	left
333	319	277	273	45	53	266	293	345	317	109	107	254	245	242	322	3	left
302	283	249	276	46	54	279	304	363	334	110	108	270	264	272	345	3	left
313	289	245	255	45	53	264	287	348	325	110	108	264	258	269	342	3	left
335	320	278	253	45	52	242	274	322	300	108	106	244	236	234	315	3	left
326	311	273	278	46	54	278	304	361	332	110	108	267	259	263	338	3	left
299	273	235	273	46	53	279	302	362	333	110	108	266	262	271	345	3	left
329	313	271	245	44	52	240	268	321	303	108	106	246	241	248	326	3	left
332	317	277	272	45	53	266	294	346	316	109	106	251	243	241	323	3	left
301	280	245	276	46	55	278	304	363	333	110	108	275	268	271	346	3	left
320	299	252	250	45	54	258	283	343	322	109	106	263	260	269	341	3	left
338	324	280	261	45	54	251	282	330	306	108	105	251	244	237	317	3	left
317	302	265	277	46	54	281	306	365	334	110	108	266	261	269	344	3	left
308	282	239	262	45	53	272	295	356	330	110	108	262	258	272	345	3	left
339	323	279	252	45	52	242	274	322	300	108	105	240	233	234	316	3	left
327	310	272	279	46	54	280	306	364	333	110	108	263	258	266	341	3	left
305	280	238	266	45	53	274	297	359	332	110	108	262	258	272	345	3	left
337	322	279	251	45	52	241	273	321	299	108	105	240	233	235	317	3	left
326	312	274	279	46	54	279	305	363	332	110	107	262	256	263	339	3	left
299	276	236	272	45	53	279	301	363	334	110	107	263	260	272	346	3	left
333	317	272	246	45	52	241	269	321	302	108	105	244	239	247	325	3	left
333	320	278	272	45	53	265	293	345	316	109	106	249	242	241	323	3	left
309	291	256	278	46	54	281	306	366	335	110	108	265	261	271	346	3	left
302	279	238	267	46	53	276	298	360	332	110	107	263	259	272	346	3	left
335	317	273	246	44	52	242	271	323	304	108	105	245	240	249	327	3	left
337	321	279	266	45	53	255	285	334	307	109	105	244	237	236	318	3	left
321	306	268	279	46	54	280	306	364	333	110	107	263	258	265	341	3	left
296	273	235	276	46	53	280	304	364	334	110	107	264	260	272	347	3	left
320	298	253	252	45	52	260	283	344	321	109	106	257	254	267	341	3	left
																	
																	
314	86	29	248	242	54	65	296	361	321	313	264	302	294	264	341	4	back
289	82	28	236	231	53	64	287	357	320	312	268	304	297	274	347	4	back
315	88	29	230	221	53	63	266	323	291	287	232	276	265	236	319	4	back
295	85	29	246	240	54	65	293	362	322	315	269	306	298	272	346	4	back
298	87	29	225	217	53	64	272	341	309	303	258	297	291	269	342	4	back
313	86	30	238	232	53	64	275	334	299	292	239	281	270	239	322	4	back
286	83	29	246	240	53	65	292	361	322	314	269	306	299	273	347	4	back
302	85	29	222	215	52	63	265	332	302	295	252	291	284	262	338	4	back
312	87	29	240	233	53	64	279	338	301	294	241	283	272	240	323	4	back
287	81	29	246	243	54	66	291	357	318	311	269	302	295	271	347	4	back
306	79	29	222	215	52	63	261	324	295	290	246	283	276	255	334	4	back
316	85	29	243	236	53	65	284	343	304	298	246	284	273	243	326	4	back
282	79	29	245	240	53	66	289	356	317	309	268	300	293	270	346	4	back
312	80	29	221	213	52	63	258	316	288	283	235	275	267	244	326	4	back
314	85	29	246	238	54	66	290	352	311	305	255	291	283	254	334	4	back
285	81	28	242	236	53	65	288	356	317	309	267	299	293	269	345	4	back
315	81	29	224	215	52	64	260	316	286	281	230	271	262	236	320	4	back
308	82	29	247	240	53	66	293	358	317	309	263	299	290	263	342	4	back
288	81	29	234	227	53	65	283	351	314	306	263	297	291	270	346	4	back
318	85	30	229	220	53	64	266	321	288	283	230	272	262	233	319	4	back
298	81	29	246	240	53	66	292	358	317	310	266	300	293	268	345	4	back
297	82	29	226	219	53	64	274	342	307	300	257	293	287	267	344	4	back
314	82	29	237	228	53	65	275	330	294	288	235	274	264	235	321	4	back
288	79	28	244	239	54	65	294	360	319	312	268	302	295	271	348	4	back
309	84	29	219	210	52	63	265	327	297	291	244	284	277	257	336	4	back
317	85	29	243	236	53	65	287	347	307	300	248	286	276	246	328	4	back
285	81	29	244	238	53	65	292	360	320	312	267	303	296	272	348	4	back
315	84	29	220	211	52	64	261	319	289	284	233	275	267	244	327	4	back
315	86	29	245	239	54	66	293	355	314	307	257	294	285	256	336	4	back
285	80	29	240	237	53	65	290	358	318	310	267	300	294	271	346	4	back
319	85	29	220	212	52	63	262	317	287	282	230	273	264	240	323	4	back
315	86	29	243	237	54	65	293	356	313	305	254	291	284	256	336	4	back
285	81	29	242	237	53	65	291	358	318	310	266	298	293	270	346	4	back
313	85	29	219	209	52	63	260	317	287	282	231	271	265	244	326	4	back
317	85	29	242	234	54	65	289	348	308	301	248	286	276	247	329	4	back
286	83	29	243	235	53	65	296	361	320	313	264	301	295	272	349	4	back
310	88	30	219	211	53	63	269	332	300	294	247	286	280	260	338	4	back
316	85	29	234	225	53	64	275	330	293	288	232	273	263	235	320	4	back
297	83	29	243	238	54	65	294	360	317	309	264	298	293	268	345	4	back
293	81	29	231	227	53	64	278	347	310	302	263	294	289	268	343	4	back
316	82	30	226	218	53	64	262	316	285	280	229	266	258	231	316	4	back
308	82	29	247	239	54	66	290	353	312	306	259	290	284	257	337	4	back
285	83	29	241	235	53	65	287	353	313	306	264	293	288	266	343	4	back
314	83	29	220	211	52	64	259	316	287	281	233	271	265	243	325	4	back
315	84	30	243	235	53	65	283	341	302	296	245	279	271	241	324	4	back
284	79	29	245	237	54	65	291	356	315	308	264	295	291	267	345	4	back
301	80	29	223	215	52	64	266	330	298	292	251	282	278	259	337	4	back
314	83	30	234	224	53	64	269	323	288	282	231	267	259	231	317	4	back
295	80	29	246	237	54	65	292	357	316	308	262	293	289	265	343	4	back
290	83	29	232	223	53	64	283	351	312	304	259	292	288	268	344	4	back
317	84	30	222	212	52	63	263	318	285	279	225	266	259	233	318	4	back
310	83	30	245	236	54	65	291	353	312	305	255	288	283	255	336	4	back
284	83	29	241	233	54	65	291	357	316	308	262	294	290	268	345	4	back
310	81	29	219	209	52	63	259	317	288	283	235	272	267	246	327	4	back
316	86	30	241	231	53	65	284	342	302	295	241	278	270	241	324	4	back
284	80	29	243	236	53	65	292	358	318	309	264	297	293	270	347	4	back
305	82	29	219	211	53	63	267	331	299	292	247	282	279	259	338	4	back
316	85	30	235	224	53	64	276	332	294	288	232	271	263	235	320	4	back
291	82	29	243	235	54	65	293	359	315	309	263	298	290	267	345	4	back
294	84	29	224	222	53	63	265	331	301	299	260	295	287	262	334	4	back
313	85	30	231	229	53	64	264	318	288	288	235	277	265	232	313	4	back
295	83	29	245	247	54	65	286	351	315	315	271	305	296	265	337	4	back
287	81	29	232	236	53	64	275	343	311	310	271	303	295	267	338	4	back
313	84	30	221	220	52	63	255	309	283	283	232	274	263	233	313	4	back
309	85	30	243	244	53	65	284	346	309	308	259	297	285	252	328	4	back
281	83	29	241	243	53	64	284	351	314	313	270	305	296	267	340	4	back
311	287	251	253	210	62	89	256	321	142	130	242	281	254	238	334	5	center
318	298	266	263	218	62	90	258	316	141	129	226	270	241	218	319	5	center
311	290	260	282	236	64	94	282	346	143	131	253	291	261	238	334	5	center
285	257	229	281	236	63	95	282	350	143	132	260	297	269	249	344	5	center
294	265	230	267	225	63	93	273	344	143	131	258	295	268	250	344	5	center
315	293	259	250	208	61	88	251	314	141	129	233	278	250	232	330	5	center
317	297	264	264	219	62	90	260	318	141	130	227	273	244	220	320	5	center
312	291	260	279	235	63	94	281	346	142	131	252	293	264	238	335	5	center
288	260	233	278	235	63	96	284	353	143	132	263	302	274	253	347	5	center
286	255	223	272	231	63	94	279	350	143	132	263	302	272	252	346	5	center
308	281	246	249	211	61	89	258	326	142	131	250	292	264	245	339	5	center
317	294	261	251	211	61	87	252	312	141	129	228	275	246	222	321	5	center
315	291	259	270	229	63	91	271	333	142	130	242	285	257	229	325	5	center
301	275	246	278	237	63	92	282	348	142	131	264	298	269	247	339	5	center
285	253	222	279	235	63	93	283	352	143	131	267	303	279	253	347	5	center
297	268	233	263	222	62	90	271	343	142	131	262	299	275	252	346	5	center
318	294	259	250	208	62	87	251	314	141	130	236	280	255	233	330	5	center
320	297	264	265	220	62	89	261	320	141	129	231	277	250	222	322	5	center
314	293	263	284	235	63	93	281	347	142	131	253	293	268	239	336	5	center
290	263	235	280	236	63	93	283	353	143	132	266	304	280	255	348	5	center
287	256	223	273	231	63	93	278	350	142	131	267	304	278	254	347	5	center
309	284	248	250	211	61	88	257	327	141	130	251	291	268	247	340	5	center
319	296	263	252	210	61	87	253	312	141	129	224	268	240	221	320	5	center
318	294	262	274	229	63	92	274	335	142	130	237	278	249	227	325	5	center
301	275	247	278	236	63	94	285	352	142	131	260	296	268	249	341	5	center
283	251	219	274	234	63	93	283	351	142	131	264	298	272	253	343	5	center
298	267	231	257	219	62	90	269	340	141	130	260	297	271	253	342	5	center
316	290	256	245	207	61	87	251	313	139	129	232	275	250	231	326	5	center
316	291	258	262	222	62	90	264	324	140	129	232	276	248	224	320	5	center
308	283	253	275	235	63	93	283	349	141	131	258	294	268	243	336	5	center
284	252	223	274	234	63	93	284	352	141	130	266	299	274	253	344	5	center
291	257	222	262	224	62	92	276	347	141	130	264	296	272	253	343	5	center
314	286	251	243	207	61	87	253	317	139	129	239	278	255	237	330	5	center
316	292	259	256	216	62	88	259	318	140	128	229	271	246	222	320	5	center
313	288	256	274	233	63	93	281	345	141	130	252	289	263	238	332	5	center
289	259	232	275	234	63	94	284	353	141	130	264	300	274	252	343	5	center
286	254	220	269	230	63	92	279	350	141	131	266	303	275	255	344	5	center
310	282	245	246	209	61	88	257	324	140	129	248	288	262	245	336	5	center
316	292	258	251	212	61	87	255	314	139	128	228	274	245	222	319	5	center
313	289	257	272	232	63	92	278	341	141	129	248	289	260	235	329	5	center
290	261	234	274	234	63	94	285	354	141	131	264	302	275	255	345	5	center
285	252	219	268	229	62	93	280	351	141	130	264	301	274	255	344	5	center
307	280	245	245	208	61	87	256	323	140	129	246	287	261	244	336	5	center
316	292	258	251	212	61	88	256	315	139	128	227	273	246	222	319	5	center
310	288	256	273	232	63	92	278	344	140	130	250	290	262	237	331	5	center
285	258	231	274	234	63	92	283	352	141	131	265	302	276	255	345	5	center
285	254	221	266	227	62	92	277	349	140	130	263	300	274	255	344	5	center
313	286	250	243	206	61	87	253	318	139	129	239	281	257	239	332	5	center
315	291	258	258	218	62	89	261	320	139	129	230	275	248	223	320	5	center
306	283	253	275	235	63	93	282	349	141	130	257	296	269	245	336	5	center
281	250	221	274	233	63	93	283	352	141	131	264	301	276	255	345	5	center
294	263	228	255	218	62	90	269	341	141	130	258	296	271	253	343	5	center
313	290	257	246	208	61	86	251	312	139	128	228	273	247	226	322	5	center
314	290	258	269	228	63	91	272	335	140	129	240	282	255	228	324	5	center
293	267	240	274	234	63	93	284	353	141	131	263	301	275	253	343	5	center
283	251	219	267	229	62	92	279	351	141	130	264	300	275	254	344	5	center
308	283	249	243	207	61	86	252	318	139	128	241	281	257	239	331	5	center
315	290	257	259	220	62	89	263	321	139	128	230	270	244	221	319	5	center
300	276	247	273	235	63	92	283	350	140	130	259	293	267	246	338	5	center
280	248	216	269	232	62	93	282	352	140	130	264	296	272	253	343	5	center
306	277	241	244	208	61	88	258	327	139	128	248	288	263	247	337	5	center
